## DATA Fromhttps://www.cpc.ncep.noaa.gov/data/indices/oni.ascii.txt
#SEAS  YR TOTAL  ONI
DJF  2006  25.80  -0.85
JFM  2006  26.10  -0.77
FMA  2006  26.73  -0.57
MAM  2006  27.31  -0.37
AMJ  2006  27.69  -0.14
MJJ  2006  27.62  -0.03
JJA  2006  27.40   0.10
JAS  2006  27.26   0.30
ASO  2006  27.30   0.54
SON  2006  27.48   0.77
OND  2006  27.62   0.94
NDJ  2006  27.56   0.94
DJF  2007  27.30   0.66
JFM  2007  27.09   0.22
FMA  2007  27.18  -0.12
MAM  2007  27.37  -0.32
AMJ  2007  27.45  -0.38
MJJ  2007  27.18  -0.47
JJA  2007  26.74  -0.56
JAS  2007  26.15  -0.81
ASO  2007  25.69  -1.07
SON  2007  25.37  -1.34
OND  2007  25.17  -1.50
NDJ  2007  25.02  -1.60
DJF  2008  25.00  -1.64
JFM  2008  25.35  -1.52
FMA  2008  26.01  -1.29
MAM  2008  26.67  -1.01
AMJ  2008  26.99  -0.84
MJJ  2008  27.04  -0.61
JJA  2008  26.92  -0.37
JAS  2008  26.73  -0.23
ASO  2008  26.52  -0.24
SON  2008  26.36  -0.35
OND  2008  26.12  -0.55
NDJ  2008  25.88  -0.73
DJF  2009  25.79  -0.85
JFM  2009  26.08  -0.79
FMA  2009  26.68  -0.61
MAM  2009  27.36  -0.33
AMJ  2009  27.84   0.01
MJJ  2009  27.94   0.28
JJA  2009  27.75   0.45
JAS  2009  27.53   0.58
ASO  2009  27.47   0.71
SON  2009  27.72   1.01
OND  2009  28.03   1.36
NDJ  2009  28.18   1.56
DJF  2010  28.14   1.50
JFM  2010  28.09   1.22
FMA  2010  28.14   0.84
MAM  2010  28.04   0.35
AMJ  2010  27.66  -0.17
MJJ  2010  27.00  -0.66
JJA  2010  26.25  -1.05
JAS  2010  25.61  -1.35
ASO  2010  25.21  -1.56
SON  2010  25.07  -1.64
OND  2010  25.03  -1.64
NDJ  2010  25.02  -1.59
DJF  2011  25.22  -1.42
JFM  2011  25.68  -1.19
FMA  2011  26.37  -0.93
MAM  2011  26.95  -0.73
AMJ  2011  27.28  -0.55
MJJ  2011  27.21  -0.44
JJA  2011  26.81  -0.48
JAS  2011  26.33  -0.62
ASO  2011  25.93  -0.83
SON  2011  25.70  -1.01
OND  2011  25.58  -1.09
NDJ  2011  25.58  -1.04
DJF  2012  25.77  -0.86
JFM  2012  26.15  -0.72
FMA  2012  26.71  -0.59
MAM  2012  27.21  -0.47
AMJ  2012  27.57  -0.26
MJJ  2012  27.64  -0.01
JJA  2012  27.54   0.25
JAS  2012  27.32   0.37
ASO  2012  27.13   0.37
SON  2012  26.98   0.27
OND  2012  26.73   0.05
NDJ  2012  26.41  -0.21
DJF  2013  26.21  -0.43
JFM  2013  26.44  -0.43
FMA  2013  26.96  -0.34
MAM  2013  27.38  -0.30
AMJ  2013  27.47  -0.36
MJJ  2013  27.24  -0.41
JJA  2013  26.89  -0.40
JAS  2013  26.64  -0.32
ASO  2013  26.51  -0.26
SON  2013  26.54  -0.18
OND  2013  26.50  -0.17
NDJ  2013  26.35  -0.27
DJF  2014  26.22  -0.42
JFM  2014  26.41  -0.46
FMA  2014  27.03  -0.27
MAM  2014  27.73   0.04
AMJ  2014  28.04   0.21
MJJ  2014  27.82   0.16
JJA  2014  27.34   0.05
JAS  2014  27.02   0.07
ASO  2014  27.00   0.23
SON  2014  27.21   0.49
OND  2014  27.31   0.64
NDJ  2014  27.28   0.66
DJF  2015  27.19   0.55
JFM  2015  27.34   0.47
FMA  2015  27.82   0.53
MAM  2015  28.38   0.70
AMJ  2015  28.76   0.93
MJJ  2015  28.83   1.18
JJA  2015  28.81   1.52
JAS  2015  28.82   1.86
ASO  2015  28.93   2.16
SON  2015  29.14   2.42
OND  2015  29.25   2.57
NDJ  2015  29.26   2.64
DJF  2016  29.12   2.48
JFM  2016  29.01   2.14
FMA  2016  28.88   1.58
MAM  2016  28.62   0.94
AMJ  2016  28.22   0.39
MJJ  2016  27.59  -0.07
JJA  2016  26.93  -0.36
JAS  2016  26.42  -0.54
ASO  2016  26.14  -0.63
SON  2016  26.02  -0.69
OND  2016  26.01  -0.67
NDJ  2016  26.06  -0.56
DJF  2017  26.30  -0.34
JFM  2017  26.71  -0.16
FMA  2017  27.35   0.05
MAM  2017  27.89   0.20
AMJ  2017  28.13   0.30
MJJ  2017  27.97   0.31
JJA  2017  27.43   0.14
JAS  2017  26.84  -0.11
ASO  2017  26.38  -0.38
SON  2017  26.06  -0.65
OND  2017  25.84  -0.84
NDJ  2017  25.64  -0.97
DJF  2018  25.72  -0.92
JFM  2018  26.02  -0.85
FMA  2018  26.60  -0.70
MAM  2018  27.18  -0.50
AMJ  2018  27.61  -0.22
MJJ  2018  27.64  -0.01
JJA  2018  27.38   0.09
JAS  2018  27.18   0.23
ASO  2018  27.25   0.49
SON  2018  27.47   0.76
OND  2018  27.57   0.90
NDJ  2018  27.43   0.81
DJF  2019  27.39   0.75
JFM  2019  27.59   0.72
FMA  2019  28.01   0.71
MAM  2019  28.34   0.66
AMJ  2019  28.37   0.54
MJJ  2019  28.10   0.45
JJA  2019  27.57   0.28
JAS  2019  27.10   0.14
ASO  2019  26.95   0.19
SON  2019  27.06   0.35
OND  2019  27.18   0.51
NDJ  2019  27.17   0.55
DJF  2020  27.14   0.50
JFM  2020  27.35   0.48
FMA  2020  27.70   0.40
MAM  2020  27.87   0.19
AMJ  2020  27.75  -0.08
MJJ  2020  27.35  -0.30
JJA  2020  26.88  -0.4
JAS  2020  26.38  -0.57
ASO  2020  25.87  -0.89
SON  2020  25.54  -1.17
OND  2020  25.40  -1.27
NDJ  2020  25.43  -1.19